1 5 120 25 0
2 4 150 23 2
3 3 180 20 4
4 2 200 18 6
5 1 220 15 8
6 5 130 24 1
7 4 160 22 3
8 3 190 19 5
9 2 210 17 7
10 1 230 14 9
11 0 60 0 0
12 5 270 24 0
13 4 180 23 2
14 3 240 20 4
15 2 270 18 6
16 1 280 15 8
17 5 200 24 1
18 4 210 22 3
19 3 220 19 5
20 2 230 17 7
21 1 240 14 9
22 5 210 25 0
23 4 180 23 2
24 3 200 20 4
25 2 190 18 6
26 1 280 15 8
27 5 250 24 1
28 4 220 22 3
29 3 260 19 5
30 2 290 17 7
31 1 240 14 9
32 5 220 25 0
33 4 250 23 2
34 3 280 20 4
35 2 270 18 6
36 1 260 15 8
37 5 230 24 1
38 4 270 22 3
39 3 220 19 5
40 2 290 17 7
41 1 260 14 9
42 5 250 25 0
43 4 280 23 2
44 3 290 20 4
45 2 210 18 6
46 1 250 15 8
47 5 280 24 1
48 4 220 22 3
49 3 230 19 5
50 2 240 17 7
51 1 290 14 9
52 5 240 25 0
53 4 290 23 2
54 3 250 20 4
55 2 260 18 6
56 1 270 15 8
57 5 290 24 1
58 4 230 22 3
59 3 240 19 5
60 2 250 17 7
61 1 260 14 9
62 5 250 25 0
63 4 260 23 2
64 3 270 20 4
65 2 280 18 6
66 1 290 15 8
67 5 260 24 1
68 4 270 22 3
69 3 280 19 5
70 2 290 17 7
71 1 300 14 9
72 5 270 25 0
73 4 280 23 2
74 3 290 20 4
75 2 260 18 6
76 1 270 15 8
77 5 280 24 1
78 4 290 22 3
79 3 250 19 5
80 2 260 17 7
81 1 270 14 9
82 5 280 25 0
83 4 290 23 2
84 3 260 20 4
85 2 270 18 6
86 1 280 15 8
87 5 290 24 1
88 4 250 22 3
89 3 260 19 5
90 2 270 17 7
91 1 280 14 9
92 5 290 25 0
93 4 260 23 2
94 3 270 20 4
95 2 280 18 6
96 1 290 15 8
97 5 300 24 1
98 4 270 22 3
99 3 280 19 5
100 2 260 17 7
